#1
double Flow_Valve(19,2)
      0  2.7000000000000000E-02
   1059  2.7000000000000000E-02
   1074  8.1999999999999995E-01
   1127  8.1999999999999995E-01
   1128  7.1999999999999997E-01
   1386  7.1999999999999997E-01
   3325  8.0000000000000004E-01
   3328  9.0000000000000002E-01
   3840  9.0000000000000002E-01
   3940       1                
   6065       1                
   6066  9.0000000000000002E-01
   8028  9.0000000000000002E-01
   8171  4.0000000000000002E-01
   9024  4.0000000000000002E-01
   9036  2.9999999999999999E-01
  10333  2.5000000000000000E-01
  24489  2.9999999999999999E-01
  25000  2.9999999999999999E-01

