#1
double PV_012(54,2)
      0  5.0000000000000000E-01
    104  5.0000000000000000E-01
    105  5.0000000000000000E-01
   9497  5.0000000000000000E-01
   9498  5.0000000000000000E-01
   9514  5.0000000000000000E-01
   9515  5.0000000000000000E-01
   9833  5.0000000000000000E-01
   9834  5.0000000000000000E-01
  10307  5.0000000000000000E-01
  10308  5.0000000000000000E-01
  10514  5.0000000000000000E-01
  10515  5.0000000000000000E-01
  12254  5.4000000000000004E-01
  12255  5.4000000000000004E-01
  14125  5.3000000000000003E-01
  14126  5.3000000000000003E-01
  15046  5.2000000000000002E-01
  15047  5.2000000000000002E-01
  16593  5.1000000000000001E-01
  16594  5.1000000000000001E-01
  21712  5.0000000000000000E-01
  21713  5.0000000000000000E-01
  22227  5.0000000000000000E-01
  22228  4.7999999999999998E-01
  22688  4.7999999999999998E-01
  22689  4.6999999999999997E-01
  22943  4.6999999999999997E-01
  22944  4.6000000000000002E-01
  23120  4.6000000000000002E-01
  23121  4.5000000000000001E-01
  23266  4.5000000000000001E-01
  23267  4.4000000000000000E-01
  23360  4.4000000000000000E-01
  23361  4.2999999999999999E-01
  23423  4.2999999999999999E-01
  23424  4.1999999999999998E-01
  23480  4.1999999999999998E-01
  23481  4.0999999999999998E-01
  23528  4.0999999999999998E-01
  23529  4.0000000000000002E-01
  23576  4.0000000000000002E-01
  23577  3.9000000000000001E-01
  23610  3.9000000000000001E-01
  23611  3.9000000000000001E-01
  24145  3.4000000000000002E-01
  24146  3.4000000000000002E-01
  24155  3.4000000000000002E-01
  24156  3.4000000000000002E-01
  24245  3.4000000000000002E-01
  24246  3.4000000000000002E-01
  24795  2.0000000000000001E-01
  24796  2.0000000000000001E-01
  25000  2.0000000000000001E-01

